-150 150 40 400 10 40 400 10 55 400 10 180 200 50 115 200 50 140	
-150 150 40 400 10 40 400 10 55 400 10 180 200 50 115 200 50 140
-150 150 40 400 10 40 400 10 55 400 10 180 200 50 115 200 50 140
-150 150 40 400 10 40 400 10 55 400 10 180 200 50 115 200 50 140
-150 150 40 400 10 40 400 10 55 400 10 180 200 50 115 200 50 140
-150 150 40 400 10 40 400 10 55 400 10 180 200 50 115 200 50 140
-150 150 40 400 10 40 400 10 55 400 10 180 200 50 115 200 50 140
-150 150 40 400 10 40 400 10 55 400 10 180 200 50 115 200 50 140
-150 150 40 400 10 40 400 10 55 400 10 180 200 50 115 200 50 140
-150 150 40 400 10 40 400 10 55 400 10 180 200 50 115 200 50 140	
-150 150 40 400 10 40 400 10 55 400 10 180 200 50 115 200 50 140
-150 150 40 400 10 40 400 10 55 400 10 180 200 50 115 200 50 140
-150 150 40 400 10 40 400 10 55 400 10 180 200 50 115 200 50 140
-150 150 40 400 10 40 400 10 55 400 10 180 200 50 115 200 50 140
-150 150 40 400 10 40 400 10 55 400 10 180 200 50 115 200 50 140
-150 150 40 400 10 40 400 10 55 400 10 180 200 50 115 200 50 140
-150 150 40 400 10 40 400 10 55 400 10 180 200 50 115 200 50 140
-150 150 40 400 10 40 400 10 55 400 10 180 200 50 115 200 50 140
-150 150 40 400 10 40 400 10 55 400 10 180 200 50 115 200 50 140	
-150 150 40 400 10 40 400 10 55 400 10 180 200 50 115 200 50 140
-150 150 40 400 10 40 400 10 55 400 10 180 200 50 115 200 50 140
-150 150 40 400 10 40 400 10 55 400 10 180 200 50 115 200 50 140
-150 150 40 400 10 40 400 10 55 400 10 180 200 50 115 200 50 140
-150 150 40 400 10 40 400 10 55 400 10 180 200 50 115 200 50 140
-150 150 40 400 10 40 400 10 55 400 10 180 200 50 115 200 50 140
-150 150 40 400 10 40 400 10 55 400 10 180 200 50 115 200 50 140
-150 150 40 400 10 40 400 10 55 400 10 180 200 50 115 200 50 140
-150 150 40 400 10 40 400 10 55 400 10 180 200 50 115 200 50 140	
-150 150 40 400 10 40 400 10 55 400 10 180 200 50 115 200 50 140
-150 150 40 400 10 40 400 10 55 400 10 180 200 50 115 200 50 140
-150 150 40 400 10 40 400 10 55 400 10 180 200 50 115 200 50 140
-150 150 40 400 10 40 400 10 55 400 10 180 200 50 115 200 50 140
-150 150 40 400 10 40 400 10 55 400 10 180 200 50 115 200 50 140
-150 150 40 400 10 40 400 10 55 400 10 180 200 50 115 200 50 140
-150 150 40 400 10 40 400 10 55 400 10 180 200 50 115 200 50 140
-150 150 40 400 10 40 400 10 55 400 10 180 200 50 115 200 50 140
-150 150 40 400 10 40 400 10 55 400 10 180 200 50 115 200 50 140	
-150 150 40 400 10 40 400 10 55 400 10 180 200 50 115 200 50 140
-150 150 40 400 10 40 400 10 55 400 10 180 200 50 115 200 50 140
-150 150 40 400 10 40 400 10 55 400 10 180 200 50 115 200 50 140
-150 150 40 400 10 40 400 10 55 400 10 180 200 50 115 200 50 140
-150 150 40 400 10 40 400 10 55 400 10 180 200 50 115 200 50 140
-150 150 40 400 10 40 400 10 55 400 10 180 200 50 115 200 50 140
-150 150 40 400 10 40 400 10 55 400 10 180 200 50 115 200 50 140
-150 150 40 400 10 40 400 10 55 400 10 180 200 50 115 200 50 140
-150 150 40 400 10 40 400 10 55 400 10 180 200 50 115 200 50 140	
-150 150 40 400 10 40 400 10 55 400 10 180 200 50 115 200 50 140
-150 150 40 400 10 40 400 10 55 400 10 180 200 50 115 200 50 140
-150 150 40 400 10 40 400 10 55 400 10 180 200 50 115 200 50 140
-150 150 40 400 10 40 400 10 55 400 10 180 200 50 115 200 50 140
-150 150 40 400 10 40 400 10 55 400 10 180 200 50 115 200 50 140
-150 150 40 400 10 40 400 10 55 400 10 180 200 50 115 200 50 140
-150 150 40 400 10 40 400 10 55 400 10 180 200 50 115 200 50 140
-150 150 40 400 10 40 400 10 55 400 10 180 200 50 115 200 50 140
-150 150 40 400 10 40 400 10 55 400 10 180 200 50 115 200 50 140	
-150 150 40 400 10 40 400 10 55 400 10 180 200 50 115 200 50 140
-150 150 40 400 10 40 400 10 55 400 10 180 200 50 115 200 50 140
-150 150 40 400 10 40 400 10 55 400 10 180 200 50 115 200 50 140
-150 150 40 400 10 40 400 10 55 400 10 180 200 50 115 200 50 140
-150 150 40 400 10 40 400 10 55 400 10 180 200 50 115 200 50 140
-150 150 40 400 10 40 400 10 55 400 10 180 200 50 115 200 50 140
-150 150 40 400 10 40 400 10 55 400 10 180 200 50 115 200 50 140
-150 150 40 400 10 40 400 10 55 400 10 180 200 50 115 200 50 140				
